$ANSIBLE_VAULT;1.1;AES256
39346264303363613035306566633664303931643766663931386339663534343433633835633036
3431633836643033363031613164333538633762386235300a343362333733393332656230623335
35633137383037393134326661346263363636396663616264393230623362623034373939643438
6662613664303733310a663236373930666135633536663531336434616137343134623139663433
39323537656264313137363931626332333261626263386539333231393131653363623761303131
63363631663965643233623437626333313665303365356236303764653262376630366261633830
65643764626165333665373830303562663763336436303035613362376462323866366230623763
35646265623430626239633965666566303339323435356130363532393934313837333732366331
36643734313163363164336432336565363439333137626136303637333439613237366461386539
38343362383337373463376163323264653930626333343131616366613731313630333639333831
63336437323263313032313437633837333130326433323338616432386432643834666331366136
31363635643162626364363362636231663733313036363234353031623230376135323438393935
64616337626265643830316361656234353830323139333232366631626436353535303435316362
64353162376535356139363465346630623634653461383036346532393137633033623835313463
30363630363936386235613534313366653166366635343633356538616461653265333037643838
61363430356562333539363336663530313937363462643636316333653931366365383532306133
61303165613938623232333834626461623365656664363339393763326266326638393666306437
30663164303238303039316234623239623238383064383662376638393737616637303336633839
38396430626536373164393133396132636232636164616566343034303337643166616538623361
34386265366263353031343766336334616137343766336231306633356232653135353334386430
33353862313761376339326133373139343532393962313165363266633431623234393438343264
64366638383034333565626335366639386464333862383964396539333563336232626162366464
38633562303832393538373939303636623834636633343136373937613439613632323032316432
63626237316533646139633462306534333732663331323937343230616365353631633063363561
3831
