$ANSIBLE_VAULT;1.1;AES256
33353462393664656439336662343130336133646336346531386634383339306336373431643436
3337393434656363396434613837636366623764353666660a373063646537613732653965326264
62396631333338616432376338353361633961643130366235653031376535333233336664633062
6330323964343635320a636163323434616538613936613035333132623163313731623866313062
36356563653865656238373865363763303665396639386335353264343164393633666138323163
66656364346263633437656462366361333939313937326432383763363665646435366433343736
65366437613830383137343234336631383239326139363361643637333831613936333561303137
34366665666134636362323131386466643837623364636630346465373938636337643134303235
34363631656366646137643664366165666564366565653439396634386437366231623762373539
36353531643431653063316163643761623035663866653766376361396238396134353262373965
66376538323837313135663063633763663034623066363034313163323433356232393133393766
35613662646431626436386331616136333762363433306663303032653562613737383734303139
63366439373531333436663636656432306133363064636264303238383135363836666534323361
61363534386233643532313137346663306238313432326536396236363663386230633761636134
63373833613538383362333439363861363965666633333033636438386239393830323231346235
64393665643536373230363634653561316664666231393531333362343037376630656239623061
65306565376564333766393434666633653562343632333339333138653066333438313361346462
38373766363130366239633966333730333365313062366539323938393963646466373930356237
66646465383038653331396533323062636464383566336336316364623239366233356566363366
37393664396237303964326434383133633735396663323335303265643466393933326365343432
62613131303031336264353039353139336536386330333861353538383439666230643062653537
38653163623962633233663432623932333764656335373537316366313766643337333431383938
38366233633339396464643937316135313834656562353761353864653563303632396238306437
36373736366535636437313835336136313934643934316138626135303739373233333938633332
6639
