$ANSIBLE_VAULT;1.1;AES256
38663664643462623237636234303463656562386232393962313461623430323233343864373439
3737346635626338613938376633323666333561663437320a613862363035396566333638626165
33653963646634383330303039396466653564333532343438613063656338393566366637336236
6562353736303434330a323831383932323232353362653832663434656364616533366235643864
61366637616566643261623539653961326561633032306534666166616635633139636164653062
63623931303235336531303835343833623132383465383333303936343466323163663235616666
62633037653835376531666335393732343663643364643936393963313536336362653433613235
31626265656337386535316434313536313565653364623965643961643332353065396336663864
61636439363061663730316464386133623338316631646561373566393831643866633961633562
30393730376230363037383061616337633163663465393734353934366532623838643738653435
36636436333261616434383231663461616437366337313262363636653363333762326533363362
37653037646533363730633461316337333462633266623432663033323463326231383538376530
34313961306334366537373435313431633263633164353831396338316464663964626534643264
36636435666464366135623362376637366238616363363261663139323266613163386238393863
32306535383931353761303837386661326335643763343934313836383331316638363062363731
66616638623363356134636164396137643139316434623561333665643532643737376266633366
33343864626433373863656461366161316161613733626563653064653461356239326237333736
34333864653734653730323833616362313632323730363035633434353535663734336163643737
346432633632363735643530313738666336
