$ANSIBLE_VAULT;1.1;AES256
30616561616539663437373334393566363563313531363931323033653563323030363231656561
3164633339303163383734343966653331336633646262340a613666623162373166363933636233
61366663613134316532333531633333363333373663316131633061633065643537363535653263
3933386166313335300a363432616663303834323563613661623361333232353231636233363136
30653033383539363839626535353264313838626363383737306239303632333461333365613337
64316466363031303138313166623236323064663330666463666165363135303130336232363733
63326534346563316566343264636335333363323435316536386533393336336338366132326563
61333136373336383761663430306565386166313531386534363031336337656161366461353661
64653938303165316532613464656232666432633035393636623736613339616663363335653834
64323031303137653330613833313038373338373661346631623130353764376564646364613864
32623165393262646263326338303539303430383765316265666461383064653438383834373962
63626432333931623362666637646337343631333031343033306330653137643738396230663232
37396632353464396162353361336166373466353638393464616439646664646532393731633934
36383637616435373636356238353232356264663436303166383866376437373661363935663762
34616461343762333762623130373062323863353236633733626234663863666262663530663066
36366139616335323334646634386531366531666435356537343131356330393233666335336465
61386137343839396365396165356131373865323232616265303965363132313239316338363136
35306361633237336332313764376464633162663833313238643663653536666265363736653463
31663165343361666363393464393139386566383464636439373263336638656166353538653464
65396335343934633336623937363137333237626331376239303733663131323461366661353831
62343939626530343562643539633161383066383463353066623734366338313235646133373938
61643566346233326436376265653734626231613334643962343533653738653432343537356165
39366137353336346636346236666532616162313631663331313833376666316337666665663663
33386161313765656339
