$ANSIBLE_VAULT;1.1;AES256
37333561636134623830336661343236653134666165623038383765303463306264303534313063
3566346361653238363630666265316461636236366235340a396666613261636665386336653438
31616632653539633432303037653964326330643666346632323865326638383832666165336265
6466666534396264370a663131626463656339393236333738333164363437343634306135373931
32653039346361336234666161623634346264633061346162663937353432626437326663393562
34613861643032326135646332656131633235633339363336663263393064386437393539373263
64346466373739363962656238306265373530643339383830333030356439656563346664386335
31653533393736653437383765303161346335366264633235356636666566623363646131626533
61316538323634663861386362333062366533393462313539656636326432653435313736303261
31343664306366343765623437356338303130373834326333613566353134373265363734623031
39653034666430383261623036666164366538366661646530613763366232663866343231393038
31343362626135393162346464363363666638653737366533303765623661616130316566383034
64373062313661356132663434383830346139373535393933376134326139303066663235613736
34366531376330666337313435636566343362366330613234396339396166613830393833656537
38353166616364323064383232663634653235643332636539336531343764386262383265656562
65323164363061616432323537376139656639633235303334336138376666373861393039333332
64333432323638346439313834303236323065623365306431623334303432643132326234326161
62663064653163616465646139373533373463663662313030313530666362326163616366383866
61363734653839653530663936366631303165333138303264333232656233396533383830396666
34653136323137616239393637373533346133373864393838396234376334373536323138666661
35623233653262363261356665646265653932396334646663623563356239633133333764393838
62306561373165363864333063346230333934626461623235373364643931666137626462393839
666437666537616366353665333766336532
