$ANSIBLE_VAULT;1.1;AES256
33366239386339393134373833393162623561373964386432303964383434313137646531376335
3161663134323432626234376439383338376137646438330a633263623665613433373366336334
38323862643861656431323064623066643566326336363061316265323936333832333433313865
3032353232333032300a363264616430616362346435386365353634636437666532323638333235
37343332623632386637366231386662303861663733646232646234613630363764666535626232
66366463633633663661336362343936303431666633653261336334373739356165316464393931
35333561656138353238386364393031356436393638306130656335353239346163373735306663
61353038396334333330313834623265353730323137336632303435323230363866393539336663
66363437356236323232353464396162366135386330306531356335356339653639633135666633
39626235343864356133643562393438316232393163343861386130333665353564346666333838
33653262356631633831313661333162353738356464633231306662636436306531393239313532
31646566653634363839386365356365663165633931323038616561343530336130356361633338
37633635393866633236323536333763663937663264356263373436626338313630356430346135
66336662316336336139613162616130383338376238343432323966306363663630613035303532
64313730636431383264373839633361346231393633306564356137653664363431326134666339
62386334653135316439636661613839363639643037363462366165633639363631323262666665
34343862353762323433313238396662623161356434336464353333363038346438393134306461
33373335313933663937653830383630643130353763663439616237306433373362646138666462
38666636353334313163346433653763663839326235333866303662376331333262663936323931
38656266306135353131353030666332373235323838333633383038633836353736366639313534
38333233393435623530653762666339366362313432333036623236623862633932663564396338
37633430393364343335383763363736626262653639343466656130363635373762646365313966
32386331656435316164323838646464383235313361343338303035613932663031353237303266
64393762633062393637633838653036306564656464306261366363356363393861666639363661
30666639646130353033336330303835373539363461633763643431653662373061
