$ANSIBLE_VAULT;1.1;AES256
61623532666538613133376361393733316338303262306238346435343736353136383937636339
6632386237616237393464356238393733633266643766350a343263663564373438363339396535
61313665623136393539363234313430633439366266363336626662313764653137386162343230
3864633363633961330a643266643465306530393663616662616562636162366234636233356439
35666631333035613331323966373935383735363130643033313439303932353238343130333765
32626637343235636438323865663961613962313461376361353033363666623334626235353961
38313033326531316165303063353134653632346133636139346165306639366236313164623565
31393764633130356136346130383132656235336561646132613038356664336237613237643465
37616538643362346565666239613636343439653031356132666666623730656239343764323330
62663738396132633466306233303238343330386566376532366632303938316163376163383836
65323738636462663534616661396463313937386630313130336635366633346464626265626162
32366633363838623866343065383736343038383837616537313037316439626266646266663638
63383830383366366466376236663664313035376535643232313266363730363734363132613235
36353734626663393230383731653361303561383139663364383436323336363265646335306435
65363862353265316532646130373932316435383930363864383261623266383831396334613031
62643862313561313237313731306430393261373066316433663233353066656634613235376462
66393765646235623036663932646537623066306131326464316136613263663636336338346334
30643663393339613465623565336262653134336432623137336563393466363161393365356636
65353839633431326163613233646533306464363965306635363535653566663333396538346461
38383135633766646663623734646165303962353562663334666162623230313263383962653137
63633437343134636263353537393665643039666137396137373432343831313539396339383465
34363234316533616365353665666664326565313931343631306131356461636330643534316631
32323938386462343764383566316134656664653439313462323565336265646637646466623863
63623332303364366232373339316235626632633866353933306362663862346338616539663831
6665
