$ANSIBLE_VAULT;1.1;AES256
38376535353064613332363766353039386365356430343035306133306162303138386334666334
6237393531346433653863623034373132373336363766610a653734643630626266653833613465
63646664333936366534656639336464326265643163643063353737356637623765333039306437
3738663734316330610a383161396165633732653034303836316663356533306566633430623734
63653834386566633438393933646263353262623463653066373639373831383161666630656433
65326161383765323733643735363233386236383830633563653835346235313865666365353463
39353661353439326138393136316330623066313730383131333636306264363663356339313464
32373963366336366238663634666265333332306530313435376264373861383163303461646635
30626334303038313064656236396439643634383030333432663730316363633730303631626630
65353437623465386537313933323561346534393930323435336564383136303935313533396433
65306462623665303834616630623330373462363762383261636239303463663035396437613866
61626662386436383732356636363032376238393937636631313532336461346230663234393239
66373239343563323239313665613861333836633636636237646132326336663163386261363733
61666532653635336338393463373266623339316666323563626638313163393230653437363133
37323139333962396432396466616464666637643737393537656661643565353663666433373163
35303937336237323434623663353934303137303661666332356339316330346139656539653164
66643336303762316364623533303465383633333461643631306435363732636432623439393962
65636335356238366166386337343437343530363437356562323366633834626332343136353063
61633365303264343132373037386462633331613035646431383339326233356438386563306364
39353333373336666131316166353133643561303261643966383032353936356137393961633438
64663836323665303735326239616533316166336339366231323935646134376661646663373837
3661643532393834326235303665616435303531366561613937
