$ANSIBLE_VAULT;1.1;AES256
39313737363938646663613135313164356232313732353461353262336263643464643938356133
3861346164633061376335363461333233306238333564380a633130333536653462346563313263
61626636333661656131303665393336636664643065343730303135646432393533336232613330
3362336263363765340a636633613437303661356161396232396638636530653734313336636132
64336537363938616265373036373961326339353565373961336433373035393462376234326164
35346337353263646661643961633730623637343466376261386137666139393332373633336361
65633837313631326638336361323064383034376531636661613064653939336232623066653338
33376336636633336532316334323232306362386261343564663133386666623133353732363665
34356532353662636635326338323266623832346634666530643065386164343262636437333634
64333564346266343432366537646163646361613062323530616531346661616564326532316530
63663335323833353939646234646538326531316637633662613261376239396566633231306632
34343330643933343532346239373764373434333832653630366664663963616466623737356661
61663663363637666236393634376639313438653635383663636539326130353031643839643735
62336532303233616463656638653963316362623363323661323165313665323762633338316233
61386637366636393834633730346337313937353363323832383839656365303538623364616137
33396330663266393938306661636535353162653331396166323431326566623164333332646535
65313362643862336334633530653562376138663034616166326239396264316261663266653037
65623230373838386261393664653762323265346638326363636561353161373139393835393234
65343038316532306531613637316331623661616437646636386336626131356439323335366539
37343764326439323732633332626237633262316665366534316630363666326161366664643663
64353833333233346266346333633936623265386339356139653564663161343137376337323862
36643664613366616636636139373731363335303030353936313861393665316334616438356463
66386630643762666435626535333161303066313837663732373763626632616531663562613834
66353232633637366438
