$ANSIBLE_VAULT;1.1;AES256
32316264616365653330626232376466653037333835376234626131313933343638646639656138
6234353839626238303262623937386333666630356265620a613938323939373337393761383764
36663561653965613834333663316362343930343734393838653463303538663232366636373135
3335363830646665650a636134643539306137366132626535306335313262623737323864646238
32653466366539303038323936376139643434663633396638326166363437666432626433663133
65376239343831306338653431613166636536323134666666643761396161383539306437323539
34323665653336323939353164663866383437333263366137393263643066333661636164666533
36393930366433616536613332353562616563396439663862623962313031613035666131313766
62653930666636393565626437313734383532323562373762343631643535386532316163643038
37336336383131396234363435653362316534643734343734663039656434306134653031356261
65343764393330643137636461643063376563336334326335656464663563323439393964376337
31346165336233306632313431643566646166343130376261313532623762643066613834343433
34323832646364333836336237333435313163613933323462356137316161383038356130393736
34626134373863333039313865356463323337306262303961663836643031353634353235633062
39666637373534346436313833323963616235656437396232633537656466323164646463336663
33333837316539376533343032663238313661653930303035303939646266393162306263343165
63613830623337386537326361643961376134623365376266336432346436613466373131363236
64623463363765653765363364383031383232666336313239616232666437306230643665323634
64643839326137656335373363663965346663613738396239366132633664326133333064356535
37656636656439373263633734386636366262353530313839353834616430316637313465316463
62343538646337366561343464346264646566306431653232303064303337656633393630353833
64646462373164343335656261616436323561363639316535316133386338653561623738303034
30326139623961383663363935383931616130386238373336363634376130316538616630636134
38643035353966363433346236363362643261313562376435643732626132666437333534616230
65643663356462373637356161616232373835356564653134616263353735636231
