$ANSIBLE_VAULT;1.1;AES256
33343630346166336433656163376461643938666161383666616132383464353930343963373965
3336636637396665353430366565626539376530316162380a663730613933633630646565373031
66626138323032626236316438396633623263393135343930303439313937343831613433303066
6262623733636139340a383131393539626166616565633235626136346661353666363930646165
63333861613862316566396232383735636333646631383034643636313466633266636164363830
32623739623266623032333966343632633436313730306532343032613131313561326135346236
62393131383630366237323639333937386333383861363833396230393931656235353131393536
30623064396334613064623431316139653863303233326436663738306132373533373738343964
38303931666436313032326633643161643835383632306436393361396131613562393561636234
32383066326630353031306130613663653462616634343939643737646231653434376239336663
39616336613962633734383630316266383064623366343135363638646332623637303562643762
37333666623530633864313336643031616634616438313564616365346638646462646261326139
37333936613839336264313233616332323535363838393131373136353637633761623430386136
35306338393630363162626333656464323361323038323336383035353163313263633232366464
36633163653831393136343838303264323162643133633965656661616534336532643031316339
63323437626438666331346334663230383061356232663436633134663738616433393662316236
63653434626666623035366566393266653133643366643934626135316636666437326463326362
64386266623636663834323865306530653637623864303832653733316632353862653534653830
65373162326563626635343437343633316134333866333462306362616431323062613663353837
31363830643164353030663066653837313530653633336439346134633137313430343565346339
32643065303633333562386461663861643164336434616133353337333439363462383463393365
37663137616361373161353536346133633764393862373832653336616131383231373936306434
62663231636365623032306637623736373631393839346331373761343732383835386633653162
33306430613663383761363664623933663866643633333139363463666438303932326135623534
3636
