$ANSIBLE_VAULT;1.1;AES256
61346336386631393065383432666562376537373362616363633939343935363334613730313163
3663653330343639646137306363323331346565366537370a353136636365653762643463373234
31646365336333343963346264306337313833653233663134646265626662353334333736623633
6265356566306236310a323961653733653236393938336664353436633937313561346531613661
39323366643866653533383533306438376664646536353731646439383635616337663637376662
66646533333132616435336138386530636438346139333861396266666665303338316330336532
36646233383030636563323830323631633538376535353565316231633637356365373030623437
30623436386230396334613834636338613032353631333831616665386233386337366263623661
37383333336364323932393132333965343961363633613031386538336633623866613932356636
66626464316430393239613936323434313861616665636665356532343665306637376466366361
32366538383137616562633363626231363666626666383330633535376263653563363165623262
37386636306165646638316364343130343036336562303835623330636539366436333634336165
64616661363365343766663063333966386332323663366166656334373830376163303830633661
34326366363838643632653037323538353362313164373437343933373261356532623230363066
38333963623335656634393832373036623031643065613464353631653766616638353664323533
37323563643035633039313865636331383735333237643164386461613535303734363661633936
39373734383834393262636262343535653765396139363766666566393632323836316265316665
61626132346165333133613861633436396338323032333364636133646565303334636135323338
33626537396534346361373838386466313536333034663236656131666531326637316165373264
36333464643739373764326539623863366263346538623138656437363531326361383030653264
66393436613035306435636366366238656164653536633439306330646265306336313162333831
62386132336330666362353132656231616436303862643931323639623266363033626361353137
36363165643862373163656633626363373038623736303035663732376235663531316634633663
66333239663162393266633064623636313631613066613862343336393237343766623330656263
6561
