$ANSIBLE_VAULT;1.1;AES256
34636361616662343762623630333839343435666361376639316334646131333336653735316636
6366356437343437383865323565323938613761633337630a653535343633396236393261333463
33613632656666316664323361623137623031643462663261323333326566393137383932343437
3239373838346630390a366166316461663034346330656239353132666466653162623961643234
34336135616333656634306532643962653433643331623733636264333764643830663866366662
32383338373630363361646366306466363231353837363465323737653262663863376565313066
35303132646664353335343266343234353761623830356632636239623361623037383330383038
39363535346234343063346333333161613633313965303164663365623539373736366436303464
30646465666637393330363661316661383635623731363336363765333564333431643932653133
66613333346565613664623039303032373435663836363235646161336563643734613134303936
31663132323637383037343730663733393038663735356633656439626362636638336232363165
64633662366364663562386437643136343730633263623132353130303931623261623630333464
63353433363064386234633631303034346132616262343062343731356563343933643663663034
39666662346232383865363664386264383931613164666266633237643231333064343533653863
35366133346137383362623533643630623333333964653963326330636662353061326666626338
39636665333363613239316433353532306362616237653437643339646666333330663332313437
64663265343535633435646162636237313330313637636165333936366333313566623733646462
62653432326231383139633636643235353365376237616531666332316636353365363939653463
64386533346633333539356365373665666236666530643534373664343330636462373434313765
61353961333638303831666162356530323864626438613364393239323662363462643564663931
33343838386566386265303266373231626162383434316238633539356536396436363661393231
35663931613661313037363761613062656162393037376563303830613364306139363130616434
32303639356132613361663164303139363130643165343138306561323132663062343461316333
66623161303039663537623432393232626231633561653731393563393636353231366130313536
32313565643230306332313537633263626236613036636430356632323261613564636632663237
35383631643632333132616435306132393034393262376233626664323232616564633762653763
64386266663537643535613433656330313165376336656439363632653963653136306331633737
64373966376137666364343231353836343032326662356432616236623436333636623065656338
35353933613636373765643931643261383533323433333766363736393538336165336666643937
37323033313735383965346434653963353931353838316433373933376238613965616437366333
64653537323436393963663363626164666336646430613438623962613264363135633932373630
65666633353866353233623533383435653466373832666138386634306366616162306539363831
62323565663762306235343131346534643930653631616637633130623532386630393035353561
37643261313139336435353030646666383463366435656231356136336464303865343434616539
62643237616132613632623465653662393138303634353834393336656132633430616265626663
35396131636338613234643638316534396538343065313635663339393632346236363764623237
61613361343464313830386433366435326162626136616663313363373336373166386336363938
65333834323139303838353733336531623230646433643734633038666162386537303064386161
64666436613232383839396366343237363930393966353035316332363162353937633938323735
30613135366239323138656265336565623935366630643761306561613436366239653632643731
65373061306161323431656230333536653234313364366663313161326538346236333235306163
33373938333962323263393163616633353436363936626265656432656538373337353262643332
656432393666656366306565396166656663
