$ANSIBLE_VAULT;1.1;AES256
66303464376535323833626437383235313364313432353166613035656639326164643161656239
3637316230373862663734363531346130643830343165340a623463356633353261383463393033
63666566663333653664306134636630353165636535663465643432336638376630393731653765
3763386437313962390a383666386532303931393661343466623533363965333231306161346462
35616266356539383030386339383638373532386364336338336161393931633139633431623730
31323631303734376162623331343333343737383339333632313962613939306432666635346133
37646133643535373465623331626263336431363831386361363936313533643935333135376539
62353332623938326139613533316235336563313436633232613833343535626439636431323836
39656436306636373536626137613831363064393862383236373233623263306564363336343433
66623231383530303739626263346230363362636463313932333231346361663637393230663962
64393232373138626631343135656565356663623833646630646364653733316432306565343837
65646364383635363163653136656134366135363361346461656637383838653164376431343831
37616239313233383963623433666465343436333166643735343562356164346662383465626436
63326431326433396432306165306136383736636164363830343636356363656261373933656433
64643965333438393866383866616463653062643763396236373534386537646336383463323737
30636335323061646161303162376339313561656430303366623433353936373738356638663235
30323130393364313264616663663336353261316533393438336534653736306661376438383235
34363439653862313965626531643732656438636462623835353930383336356661366164393232
63383961323664653331623932323563323636646536366163613365353333663530623437343962
61343434663564303339666336353038633463346138356466343965356466636565363261336165
34326336363963323433393762346166623431343136303235313062393161376165636165353365
35373932633231313762383036383362373032396362613264353765396233643231613633633665
34393662376539383630346364636230396565666135353939613430653065373233383763313830
33616136646266636266633133393264613066386237363338323438306333383865326265356535
3632
