$ANSIBLE_VAULT;1.1;AES256
38643536313231326238623837393332656265623762616634386332343230633662633737636439
3234303734616565313536393737656336646433313566350a633034363332643166383163323833
39396163646464356631343564646137363335316661313035383736663838313337356135306361
3963643334653938610a366665353964653962643835633735306131343331323464343039336334
35356231623963663265346637376563343332633665323161343633616362316332613936346139
62393634663862363034633436666433313062653265383632613766353632323764636130316566
65366264376235373863376430656532656639366539333130366539373366363734343135343530
62306634396361343366636234376434306334646534323333363361366235356432313832326239
36616434666666323136326235633030393366613739653931333437363436363934633163316464
30366439313065663134396663623431316361623632343234336536373835633264633964396165
34663337366162636637663963373364376561306430383130346639363436623164636661623865
37646134353765393336613534663330383735313761386462633936376634393138646532373336
33366434303033383431623862313532383963626663306263656434613161626637353932666132
31663730346462613163623065666332376366346336623231346339666237666130376138313233
61626632633231376335323833333461303337316238396631353739333138313830616366616361
65626338656365373635396631336135333933663031343230663536383464653061333131353439
64306133333035373630323734353334623862643464353264353635383430363864343365326337
62306162333934663336373131356136336363613266323464386565623035663537346430336635
65303137306261613562326433346464323266393465336235306332363562656663386166303663
36383361326337636366366466376435626161363736333436643364663239396663666365306334
32386262323339333534326264336339336636383033333763613831303436363931613966343161
33333334653165643334356538313836346561346230656565633832353334383932626434643835
63383763326562663662633039643166363831636534613730366231643363613463656132376437
36353936353838356535383635633837306633653863353361656630326330383537343066316335
6634
