$ANSIBLE_VAULT;1.1;AES256
31323239313165323830346561363530366665666232353630353664626433373862653662303365
6635303432356234376561653031343833323063303030300a613936636533356335393938333266
66363961343836616238613135323533626561366132653064386231323933356231356465646261
3633613837336439330a643635336662306366373139396161663163316264386362623433323838
65383636396333656566613561343466366339323430383563643535343062363239346262306532
35346665383439353739356336343439653230333933643037336431363566313532653234616665
35303833623934353136656535346364383165613933633532316630373362643561393439353435
32366636353561303664396532643333626232666631656165616132346565396231613964343861
30656162633231656530376465346536633664313133643737653035373537646366663336303839
30633537323861353164653265303534643761323533646535383338636436386165393663306138
63316134613237666433316665373761613631366164666236306139383934366431313433313638
32383234383038656638303137643935373230613032336130666431343263346436623463643834
35323031626130356532663266343134393430323865376436646665363063623634303038626264
32353762383232386665643362343234613030336162663534336131326238353436383530383333
62656132376566353661623064376339343435313038373465306263303561333231643838363031
35303833393938306331373066343663333035303965333830643961323962633332376338626539
31666464363265383336373966316233333832373532313066326538326132386137376434333839
38396437383830383261633362386337633164353462383138323035323934366266353365643736
36356139306333343135386431306661623733316436613730313664353930616334653865316639
37383464613235616237
