$ANSIBLE_VAULT;1.1;AES256
63646237373834346562373262386164653561663836366536386637336665396635373633663836
6639346162653933303331326662393462643964393839360a623037666663386437363030393936
66393035386434643633666163333239313061383434323066333135366661616464646565346462
6130356537353036350a386566393436663832653634386661636264643934303165643362643333
30343035643934323030616639393061363132396535303631356633343831383539353931613337
34626634396130666462333065323962343063313835313738316264646635376436356439363566
33363331313137643730636537623164343862333965363031623334373464393634376665643366
36636361666534633638636433616633346162393739666666313137646439626364663830303463
36333938656130623465396438663466303361643838646135646163663335653739343161323066
65633533356333663065666336326364363032313833396137356131316563666664633562316166
35363164623166623833653732663137366661663633653964386563343562353534663339646137
31343366343163353134613164396136346432363466306439396436393463353931333865656666
35653130396261356433343338626163343864306263623664343034366536333537623534396630
63656264366632366663323463316366316563623963626166623862396363613665353333306265
64383639356637656538613261656263623436626131343739316236613334323032333262363834
65616630373436326536373363663634646234613039386230633134343233666436356261306231
33663835636436636338353364643930626333363137343235306437653433623033313261626264
37353162626662383762366233666137383035363561353939663264616164623439396636323833
66383435353935663737613830623931346339623938666133383230613037643835373161666630
32343830653337393435623634323832363466633135393034386464373338643437303037633231
37333130373531383438613430646135393733316361376664346437383034633939653631393632
39383736303236623263616139623834336362393832313932333631663563613834386464323964
36353533663831646161666239636236393766643038613037326235353565383164643834663638
61663439616539396131
