$ANSIBLE_VAULT;1.1;AES256
38303533326661336664386237393934616461313365646230356665333334663464626431306238
3533656564623436383964356639333530353235313933370a396530313630623733636263393030
38616133303532383032386139626136363461336336623032353464303038653234633961616236
3336663531333135310a326164393365363235623935343833653965663138336362326137356463
32303732316562323035393662663862343130346639633439386233613937333834663232646530
38306163383564663361346239653336343734306265366235643161353162343464383762363037
61393939393636666530313937626464353966333238653137336639623261323634653765306437
62306261313835383934626535666532363664363832646533623537643735636239396163663066
35636662326638613061326166656634653366303864343637643335373537613866313635366633
36376634316463396330323132663235613937386438663034613461636130343833666136303937
39623732666563313937626435323263376530643532666161383437313438356531636661383033
65393364363664656361366231383030366234666139663761366539366661653032366633376230
63386334343661343038333235346261623537366561653461633735366130316432613564383263
31623733353332373762623635326566316165373238363537333463316234643636613638626635
32626663373866373832383739313963616335346138326239333536366531623933356662323930
37663836376265343237313833303039643035343164626434313639613330313435366462663132
65663561373930623933356231373834326661333338343937393866663239366139306261633234
66343637356263316662386634616330323232336339623332303436336162346564663333336433
646238383761636436666433633862363333
