$ANSIBLE_VAULT;1.1;AES256
63336434306566383633623738356533653561643462343431623066363932383465326539316664
3339363866623238386231343336393764623939633932340a386434393839353235616665313161
31656337373264626432396132396138623933383566636166613265663866353332616433613435
3163626663633931360a313463396266663639633633663564373130646432316465386631306639
64616630363262366438646536366533613063663037653835343431393031666164353363653736
38373730383931666665663234636338663732356363643932636631613231393333633039383836
64386566306266653961356561313666346564636365633061656362343461633437626636373737
34376134663532303533306464663530333263353265353730343765306366613232303662623332
32343535346631306261383966386664386638333937666463313663373330346162346134373530
62626434313436316431633032653635343133306263613765353461643338626633653864373164
39636432353833343532626432663562396132653536663830313262396663313233333838663261
37316363396331643362353661323330316461623034373030613533633832393035323564636262
32353131363238366130316365633738386235663761623264303730303061323737393330373536
30623235306334393236396131373734626437353630653231393239393634316531663037653965
33633137666661306162303866646434636138373630613665383166353963373365303537363965
35323431633137313331346239363238323239653139646363303431333435633630643934386636
61383864643130343963393334643962393665333038396665306638386466373665393465376133
38346433626536313932326462303861373264643764623933306661353337343761373034393536
34643937323636376137656230353238663136386232316538303133363961643837323861376564
32663364396138613766
