$ANSIBLE_VAULT;1.1;AES256
63363930313864623161326435316237363330303030383531643663303063313138343464613239
6438353639363536663633656630653765326636613535620a653863326161653632313230393336
38303236356631616532653435303833363731303165383632666665633833363234653334633836
3361323634616335610a623038396337363239316238363264343163613063396462356131303038
34356436323630373433636662636665326430636366633938386261666362653534636261666465
31383334613738333363623837396234656137383066303231636431336636316338626137336236
33396436623435626135353239363432663865653531643266313437333837343033303163373566
34616632366266343330353765383966666539613738306432363032343230323236646330633739
36323937313532626538633863643866626631633434613265326532633632363733323263366632
38333564633933383664326664373334363430326561616634373733343334666264663737303033
30326462336438616230323737383438623631396539383264383233656236373730326532363632
34666538396364663161313562356434636633353965626163386537623435623966653563643334
62663735306361633933366664646630326637343566353236343663313531656333633766613663
63373661373061643434303166613637333661666365666364393431356163653139346538616466
39616361303934383430353961353062656631356337316666396131363964333362633438626130
34666335613734323831636639353165333365383532366239613039623339393237656464616661
64313136643435633365376466643934383030373632636435323239363364363266396463346665
63363461383439306235613134366361323362396631653162353863616539393935663432663937
32386332623262656639646632343063333835633236366234383938663033623265373131623233
63623964613733346462643162626232613537343939616434333664353036313332316564613138
65346538343065356631323135346236336135323764306162633362323061393637333030643333
30613434383031376534643739303534366366333137326665373036663535303461633138613739
30326236303762326265316536373638333162653261663436343430613565386437373063376430
64653563653566303838633232646664333936303831393063643662306331366338306630323834
35336132363766353962303863626332663964623336343964613531623530646461
