$ANSIBLE_VAULT;1.1;AES256
36386566323134643238303565346532623864373434393033336566393232363639626630383039
6237343931386134306530346165623462353736323430350a346261636533366666613663663734
33653730383264623662353439643463653631353539656136666666303462383563376133666138
3134366433383434640a306561643063326138313764373338616363353238386432303938633064
39336364386661396631346565636465333934336330666633386636616532636532313330383661
32313030323830343638343231666439623338346465346464646636346337346533383934326463
38653739366132396430386436393761346535393666623961303831303734313335366236633864
64643131636565353332396431373436353561393061353432393463663238353838663366393833
36633162376565303633306632343662333732616535636564396338333435666337363464626661
36343362353136353137336238363731343666326364383765373364356434356164313464643732
32303633643536316430323232396531633063623638313836663835633434623334626237373930
33366561636234313966653933313662636537306664643263613836383933316538643066366235
30346661373933303733343331316464396261643632393961636131386436313431633033336434
33383838633863343438313436383530653137653831323537316332383730303961383931306437
31303235353334646338663463623336393865653437383663363162613338323437383439353336
65346633613866393566353964396435646361623234626333376664333762653935333239643833
31633263333132316234313535343239626634306362666536373137323761333762383832313836
38313163613265373732616238326164663337396138343064663962376431346164366266346338
38383264356232396266616138366639656536336632656535333738343364323231323731643861
38333837306232393462626131666336343131613230333031636365623732316465306431613764
63346138356565396139626364366362643338666432353763363439663734383263326235306237
3831313961356135373733393736623963636436313464393763
