$ANSIBLE_VAULT;1.1;AES256
61643231656238396138386239366138653163303933316638396537613761633833303862393837
3434366437363066313261396163313232373863343034390a393936656139613637633233626232
30393565613232323034313637386231613137623664323036666665323964616134653564316664
3035646438333639660a616163633466623562356664613563306636383737643030303530343134
64633663373961356331353834343864636337616132623034653763636337653539316436323038
38393431373237376265396261346531323766313330333331646534313162376339396565396433
33323530373430643738336265376130393061643661306566333161663837336134626235356431
33396534346165383737623562643333333438393964633637626263653633326437393765333238
62653539316238393233303362323563613733333337346566353666656538306136363930346332
62343864323164356462633264303936326635383237383231323862616262343636626461363433
37376665316437663638393863356639316337646332646131653665633964613938323763313239
62633331613134343335623861376163656237643530353665616139376634343865636337373030
38303363343037653863663232326365336431373761356463373863633537666633356465393964
37363336616234373132303131306134376139343238626139363136616166613635323933303764
38623263616632323332626165663361336630333932613965313931663631313936396461316433
39393235663764303438623335656336313535306633613163333761636665323639343731373931
63613234613262323130363039626162653866643635386631623165616563376566373633656336
35393034326239643836666138623665623530643766616633663464383063616363646161383637
36383038653761383065313665626663373732646232373530326261646139303061333732396236
31396263323563636366346561623839353934326331636331626335646638623034646663356532
62356235666162653862396665316436623864333539653833353738313534663031
