$ANSIBLE_VAULT;1.1;AES256
63636139373638633533646534346438303934393165353332376363303364663234333466356237
3637666639303835663539303438663665383466353439650a636439396338353335623764356438
37343537313336626438616233613635653333353066306362373362646462323934646237383765
3839616536343130660a303639303063636465373462336539313130393430616665646534666236
66363236633866396339623861616137313738653534316264356266626462636131316237393730
30303233343663653563613038613361656463313531333633353063343262373564653536363362
62313463353738633633333833326238363839663038396238623335323032613838336230343933
61646432653162666635646139343837613938643138653966626663303938373362616566316566
64646563626334363664316535663130333434333266303835383164346639393635346531326266
61396338303562343431393361343330623739353730353561363164396332396664653538333133
33373131313462623231623939633161316131353433383766383262363836373264393064343035
30363233363666626464616664343030386461333663313366356436623530383134326465643862
62393736393564623437353638316561353635373662303266623965323331383762313530613334
34636230623434623636386331366239343532643838383363663731653137633732613230623638
33383035326131353530393837353031323137306432383761326632376334316433376139363163
61386536666435353561306635333832343539366661313664396438613566343463343331646231
34336436383838623332663265336439353035663038633661633362636538323230326264343562
33306661373439313761336238303639643935326430333930643763623432393761363039616366
31366532666366353866386566636539643764373663383933613535666561363063333936313363
62356235323536333636336164323930346230623235383831386163386232306333653339363837
62373862663366623732396131643534316365663232656362386231336562616466373030613165
33626631353761653735366662346139396661643637343263383566653339646666656334313231
37353861633438323931303239383135393666663163346331343932623766353562663433326139
37623765313961316362323337656264316534656164386133636365303964303963653733316339
39663738613236353535623261643266376464323062323536343936386431653330393434303733
33653161653564646230636134383232643537343738653330376666393531316331623830346164
313865363362303665313036376633373338
