$ANSIBLE_VAULT;1.1;AES256
37383232633061653066306532656365313436616461633137646533393339323166656333316365
3135333762373633333561623437373137303165323639360a303065653262303664616337326135
63393564393938373033653838666362393266386530383839396234626533633465366532636332
6637373836373462640a353364313232336133356137396664623365366265373061373133323964
37303737373765633635336165393565393330333535393732643763303536303134346336633162
36383963653732623731393930646231376332623938643636343337343934636230393064326562
36323136633830396465666535313735623364373964636663636131333462306531323437343161
36306466383764333961303336616462623730316238353263666464343834376438653864356265
31373663653731653430666233346337663237376561393334666433363365363034303531393763
65333339343631643137663837386635356366346635663462313066376563383461633635613561
39653465386265633431616462373930336538653264373439346662303835383861346137303532
30366262623563646336346135653038313235383466626131323737313062353731623635373635
37396366393763626136383265373139306434643630333731353033326334393539616233666139
65333235386631643638666261323034316364653830356337323339653532323830663238313266
63336334633939363436636237663864646363663631393135646536313962373332333237343761
33313039303961396364653731613361393331396231316436363638346463303463333931653664
64303431386634623737363437326164316235373864363534343738353161376332316236303037
63353762656533663966383066613534303530326362386537333765656662633933663333616461
61663261343932333139613431396430633335633465633932363538393466346439306536323733
38633261356238646538363138613865386539353066636662643538623930316263643237383364
65666638666636306231333365613133656137373532303331633932343636316563303134623764
33663261653861396239366561653761373961376665643331333333326265326533393731613364
35373938626331353634356537376535323133643965363635396631653737363832383035316531
65666234333865623334626536616363323630343131373231376133353038356233623837326335
3339
