$ANSIBLE_VAULT;1.1;AES256
61363964356237666138366264346164363931656234396561386234323266333533636366336633
3831373666333532613933643431656166346264636132340a306462326135373636353464656139
65313964373832333866636661323630636335666238613230303761643739356561336363633739
3635393339353730380a303563306261663636656462343735326636646634663263313134653963
37333236383136623664306232333466633735353037326337643262653164383166663461616437
32326535633963653437346161313832636331333031373435633862346562623863613961306464
66666536353861383235343338383434333433303666353034373661646536303232373964323830
30353832363063306231623832613062313662393138656338666133663263303737343761346665
62323766396434623437656662666263633665633631383938646436363433333930646463393064
31636433633665356664303334366538333034386536666164316338636162623939353439386265
31623066353663343633666364653563613364396535363930303535313837643062326431653463
37383265396661666561353364663135393534626365316361346665313764393337316536323332
62313061366432656337343833613461383533376162333961383736303437383862373338303861
36393564313464333438343932316430336665633662653338626263623466653631323464363564
33633164623734373564616336353739316434633966373562303462646464316338363038303861
39313762346538616234386139323532646136363763356336623462616161313963633863356130
39366637616364623530363834633035333265356634393037383738323339646430323466613434
62366561663031323161363535623139363530323237313637666362306462633761653935643165
34303638613637376131363530613839313933376661646162373466396462363930326634663835
31633739336535643561663130396232643735373936316634313235376163616361643566396164
33393930303030646466363838656132373036316238663861643735396534346365303438663264
66633766313933323466323633353437623034353331316162343031386533333066316135366130
36383761343865336330623662346665663738326536623630633530376539393135356537356361
38303365396361383030633764353139643436326338326461643935646236363566333430623264
3434
