$ANSIBLE_VAULT;1.1;AES256
31333561393562383336333735313965303430666439366466333463313732613031666135366230
6133326261363236353631636466393339656562303563350a366664393938313833666132663639
38653939346164353264316531336635616436393137653662633839336362333533323439656564
6165306230333839300a386262626532333562396230343564373261646265313165376264393433
63386537356662336135326632323939353032376430353732376465613932643833393862656635
62386335303666363238376137663762336631326565656231336537356266653930626534313834
31343764333762383038653233653261333132633738386635306364333063396435666235313233
61393435333431623865336438306337323530346438303665326231323062616139663639663133
61613266656263323534323563643637646132396262373830353233373439343164346364363262
33623135303161316263313162626132623037623564616135373133323564643066376663323061
66373030666632643036613033656331663630336330366163303838396362633166333931373561
34333133366364383662373032313739653431626366333363646638393637396134366433313137
30396261666231653336336464316232633564616335383532656131633230323737373430333830
63646566663332636237336561623139663737303532613239376563623463636163643537636333
39303134333739346530306166626134323130633561383661636365326235653038613938633432
62343134333663383763306130356530666363323234633333333234303731303035313866653636
37306435326561363535633765306266323033326263353364353135623863666164653137313332
66663933366165353239636536386564303934363462623630623432666434613037353736313766
33306438613138636138376537366262643539623362636365383331313038333935633765343963
37326330313933316162396631333863646630376130656138393239313032306232376430336338
66313262643333653934356362363334363432343937393835393635373966666432636366643138
65376331306466623965333635393761623536613033313932383935303532316263643631376136
63396530353338666364313935633433383839656363353162386333646238343731363765346436
61343039363231313432643362653364646430313432343539666339316466623863353064396439
32666331373333303935356566323031633139613831663530663933623035393336666661316332
38333039633163653665333162346366636166636533313665343337343930356236643734313236
32666364333930626335613534323361313461623830366164326531346665303862616365326132
32346634343663323834323665313462333162663034316632656234346537326461636562376566
37306139336334303632306462346238376366636130316435376131666238646463623635626462
36653265363337636337306437633239356530326438613630366164386462366131666536663837
63363664626239653735336566633230366661343932623462383964333565323761346537646161
65656534373737383134373235383039613165623961633134623663366238383337636636383365
38613465386234636139623434386366316162623862353663343162313830353962663036383635
36626236386162396639643166636362626237653734613730313536313238616236336262646562
39396462313736633634666136303634353766633061643366313061333561663634376431616666
66663031323263306365396635613438373636316338396333333766646263343739313330653532
38366161636435336231373763626137373762633730663366633966323965396266633933643331
30636432356332616630666337323433316134653934626333326632396236383038323138343333
34656161323437386264396135666335356665316362633733633364313537306435613230333439
34386238663739333732353534303236663035366332373236356466323833333162333061636366
61653737303936633732373863363130373436313365376163373033633236386532303166303562
35353139323933366337623932303038343530663664643138306538366436653466626436633861
62346662643162383136333930643939633430323239623935636462386361386334656464383462
36353536653834363665363436346333616439666138373834646335343431636533363536383438
31636234356139336563313430613633386361616437623763323634356338393135333235363436
33653065393230363362363331383233396565616138623265656138383138396364363931306238
63663964666233343231343762346430646333366161303331323235636135323031383732306337
65316430633066383637333636623639656664373935383330366330633965653834336234316334
31353362313564636535303636333366626136343362643462313539346262663932633066306639
63343631383438353663373533636236376238363031363538313334343865346233383535346430
61626630613239636462353836613766373135326133636666653039353138646130653736383436
32336237373736353665366662633938346466333733323838333163626163656637666133326464
37393838363539326261333439653334656434616338393038393935336333373935326436626163
32313231323563633566393236376561646537323566383736613364616638343530343535396465
30643962663838623862663034643539663062663862623630656332353530323662393432303733
66396562633737343834393361326533646637616266356361643639313939373864326137643436
35323632613465323639393832313964643538653232373835313266316135306237396565396536
38646462656134643738323737366463613261393532303036343138616161646333653861633566
32386265353937303464386131623134623731623731313030306438323831383238326561303363
38346239623733346461666638396661363163646332346431366632313962653634626362313536
62613963623232333263306236616264346534656133343062316535393038343765336634346464
34306135656661613966656366616534396661626431616265653833643035613032383535323033
61636566353732336562643664376437653338326461383965633534666162616632373364346339
63623464326135336434343736653038323638623161326233356537366461343036346633346439
65373839623336633936313631326561613966626433646466333166306164623365353138303836
34303933313130323635366234633833303530376434653631666265616537323838363932626634
63666230623631613265643935666464313566383936343131666639323634663230316431326463
65303130666662353366663034663933383333613465356331616166383736353662313533316533
61313531376136653632646638663536656533323336343233306531396436383866393931653336
61396536373161303039636630336463356634383234623362633839646636353738643037356131
30346637376139386537316632613630373937396133653039373733383262343735613538396661
66636131653137373062303665346163393739333635316132326530626330653237653965393132
64363135316531653831626137366534336530323738616564633339353933376636393938396432
66636536303637613063366664386266656431393138366564316436383962366131326635303766
36366135613830393065393435326330663464313063336537623466303165323430323931643864
62383666363062666536343435646365346536653838366562356331323139383736343435393038
66376533646233646265646338326461666130386263343834613236643334626635326336343737
61346435663033326534633439613237386261656361363363646132393462646430333133633135
63393862626633396633656266376331346238396439663863386638316366386365653432623761
39663862326165653934343436646232653765653836386337626364626635666131366237663261
33653565623839626264386564626462313330303233663630613636303631366636663437363139
61303039646430313434656536656336663739303036613539393331363136396461366338346339
62363061666561636364353139623239343562633437393832313665313138666138303736643865
34333934336462613335323436306561386564313165396337666464356661363639333836306561
33666131346535366433653666346635356337396362383036343834376331626163383130616438
63663830656131353838323566386332326564316335623133613633306436316438363938653863
62336135616165326664363262653766666638333938623964343030643564393162306333303936
32656136363133353732626462646230323063343034633939323635363661343264376631356438
34356639623636613666323466353534343261393038366232393365626466373466653332396563
34393538303430313536636338616561336561326130303538313864346638306263373131363664
33373735313631386639333961346633396563663534323430346134373561653638663236393638
31303466323761336364616535666365313266666437393462363736323835383630356534316132
6438
