$ANSIBLE_VAULT;1.1;AES256
39313637656664373130663838646163393539636434356464393431376436303735633735623063
3664353965323961613162313234386136303532353962370a336533653832613333353137653430
65306565363364656139383433356130626662623533643439636233373763313765353363653834
6332313437656537660a396430663131393537336233353162373137303337666563343765376132
39373463633332633663346436643565363035636636393336376366356562636163323930353132
32613864363439396361353966626233643938376662646638336262353064316238616431303562
33303639346232313735366561326363616235616538653233363766393132613533643161626231
66636530383033313436336236663234646466326232373633336132363936353938326262393535
62636666373963396132643633616662303134306533333133343461306639316433393033666665
62613035323134636364383961386266313032326330303033616634373839373635616665373935
33323437636366643336633139386232643735613837303539646436613138363665653862393539
38306234393866333737353934613765383837313930633737666465333135653061333834346361
31663634343163386333333234393439313137626563613433653064663066386639343966376238
34333662323139633063306662323762323930613936356538353630623536393665366537663130
33353437333764323531326537303961653663373635626363363538663365646635363466616434
35356130303432323833663932623136363031363038306632373064616165393166336563353638
32616561353236643562323564376531313831643832326334656133343938343131626162653038
62316237323466326363343637636165326335353961653564353766623438336335373733643931
34636564393034623062356362666239363064393934373238643464326363643439396264663537
32363038353561323537336161356536363434656636333161343866333862646562323237366562
37336464626233663135383965623936373866323963353666663461343235353137636638626462
30643134363531343030313732383361363635643733396239326337643163623062616266353334
30353739356438613437363735656631643630313965343463323766386464633661633436386132
62353063643664373665323161333966633162643464303934653930303230636332326634326235
30326631646534303833303035313637623662376466303462663235323766363232323566326531
65626464356235366537363163643036666265393633306339353835633434656330623330383064
32626332656366303638333339336135623266633538653165636232653064383030663437646632
61353931663030663061313831656134313565613665313533643835663031356533363639613632
34376338383864646264363836633930376237623865363766633832626438366634623134616566
62366437303664376531366362356536363366616364383639646331356139393537623636623332
33363633396163333366633330396132653462616436613366663533666261646335613033393166
31343066636533333765653434653961343234646665633835626164396433346434613462643636
39636664653566393165396630616635643263363238313733323430363739633661383233396263
65353435323930666533356262316663363566316261346630323239643938333636666231303662
35663736336665376537353439303732373966386238623439626162393030313636356535396535
32373430363134326333376666313035366163303432353161366137346366626362616361356438
30313466633531656566373534633662613161316639313036366631303337306530323038636439
37626136623230383561386338653635346634346338326665653661343761643265323861666463
39633730386336393134356635613735393834646133373361333333613261303261653931636634
39373231306134623262303031366138373564613138383336626337353439646433613337656631
66386330636562353361656533366664326639656166626462613663623631336539333564343131
64653730653036636138373939373662303930653539643266376139633239666335353061343131
38333338303834376264363538656466313134646363366464646439623438316462636431316531
37396461323138316664323939636239653265643539623833313563616439613632356133323265
34303063363731356539366436653837633837636261303236303835346231656635373661383532
31643535666264333234373263343265393562653732666434376361636432343131373132373330
32613861623966623730613337623164636339393237633939363437326364653435623933663666
64336330373335373165666463356565323137303966626437623531633866303962313332383264
30333433666639373534333537326564633136313538323132653131376264386266326530326264
31656163333136643739663566663532623364666262306132366265346561383733353635396634
34336263306234646664336462313730636263646238366137373962643064336535383336653361
36616166366633316235643566316263303036303134333365366133363837656430643263333834
35616234653866333033316331373965343463316135646331633533363361313333333964393837
61623934386337373739633639663966393337363435313130343566373061373563366531326539
37663132366161343565376436393566356635626337323765383337653365343835633836613063
32323933376165653434656337633164653336633838326233323136613539663962313437313034
61303437356266396637326230633733306333366235343930356638303765323138353864623535
63383264396466363533386263383934356663656139323734643937386266383231616266376164
62636337326261626461626136343234376333343534663735653539623964356564663338643034
30636136346137646561346666353534353837366133643237353062333361326166306335616563
38306662313461303937336164633439316162333765396335376630373738336562323937306433
62626236623163636237363635653566333530336532643866393531316231333764643132633261
32666532353033663533396236366266366131653931363366666166313933376335316435633365
63323966613564373030666533343966333961306233343565613534643239626639363830666661
35396636646162653231323433643036623538633462323431376161653132623130613134336630
64393635633766643064376437643931613963313935336232336137373233303033376566613965
36386438353464623362313461303662333234393733353730353762613237353731656235663266
32333262336531356665646663613934393434643164343962363634323535383336316138613731
61316636663934623737383236633634323734303732613837643634323937643330393936376238
36366637396232323735663736373061373337333631343465633937643566393934613935353239
62363337303830323538356431343830663237323065386638613765636561306135643539333564
37333435386564653265336363663732363333353031393532383762356532353631326431353331
62396236666437663866363739343165643934626236636236356139343064663231633039613637
36383032306434656437663066633935303832323530366338306634663261616337363163333362
65663265323663636465316435626537306266623739613930313165623138646232623862633333
64353335323264396164613738666366326662383666666236613339396565343565353930626238
37663733623137656662383164323937323131643066393439383832303137633932336661333766
36626563356133383837373331633431376163383466373735623036316637363234356661633237
35356261623366303338303136393531633936336233626532663966306561636361623334323264
62666238663465666331386534396335306432353864643462663337613130346437313334373462
32313630363563336532653835363262303966383762636661613330323337353635633736396263
33373737303231393630643061346262343834646661343766326335333965376634396361613961
38343438383066303731396266383461323833346634643961353064396539663236353439323139
36326436343363366136383265343466363664373437386531333230386263623865653334366563
38613730646336363465336436313339323630633035333034376233666436383736343230336164
35353032386665613666613632663966383963316131303837346666396136383434316632376530
37613633376433386162636131613530343937353631353264363934366439373463643830633539
66653136623464616466313063396462313164663464613235303262343762326438623862373638
31663637653534366632666436633839313866326534396465333734643937333533356539396437
39623263663839356264316438663038343664323235366262316236396235326564383235633635
38333766393130303262333138663466343539633336366637663630376363396537313133666666
31303635656435313566633363306564353137663266633431663537363332363435336534323761
6135
