$ANSIBLE_VAULT;1.1;AES256
38393566616339646236323133386335633032366333623364353934316166623735636230643838
6432383139656338663433303466666165633862616463620a363465363038306638373535316263
36313835373961363936623133373132316237343938376330666538616465623035316662306536
6463313536623339310a346436663537653537623933366565633962303962663632393764393533
61656330666430616563643263393235303237616163613835623064353866343361656230386238
65386539306436653338623031393963333037336635333763666436656136653161353935313139
39356661383166346339303239323531623633396566633962366361656331633533396637663937
61343162646333323233343830346338663637663062346265343234356635623363306163636161
36323239633536333736393338653732326632646134356134633466303762353432343963353630
66666437396361636261383138636361346533306361303836666165323162333039633061633032
36313037386161626131366163356539653466643065366432613230386366653961363662306361
35343336373835646366613439623266323533393633613865393836356663616535323536663063
39356135393334386462646466353530643832633164613735353464313938316465303233373465
64653137343565653161313430383335313036386235623736636438383539343366323330353066
35366636353262326164653130306532303965353335306239646530303631323065643333346131
61643833313136656636636338663364343161316137323335306263356663323865653133646435
34376630663465653932373936363438646134303135333230333366316531393038393038376261
31313862303533353233306633663238343562396266306463376332376532326139386664633331
37383565366661373261323463323137356634623762643130303833636363643139623139353034
36353930646135303834326334376462376164663766356331643338626462303366353338633664
36316534303333393365326135633866653534303166366165303435323636613331626634646530
36633262323733343636303735333738636236336465623537646635633361313938316264396334
63313530643964636662396639363333633234626465613832623831396364623839303232393132
63323332316163653434373731656437303266633066316662613639303934373162306261616337
35616139623566663466336265316135613237653737663630383964623930653138626462616132
30636134326537376539383631626533383130663230613832363637663262653132376638393065
34393438643663626533323137653561306234353238393134613334306637623533333934666134
36363162636437333765363066623939393139386132313433333566656331643138653638333737
36643730366664306135353562393832383135663238346631313065373631613333316338356135
61303633663839633062626130303439363831306539393636363931383730613736623563333835
32323838623235396337386439333138383336376635376161356637326265333935386539303239
63396635333431316563313134346563663632613831393462616430396138346363396238366134
38636663666236323565313632376330326539336461366336313962363463303638353762663532
31333763613834383262346161316462633266383735323738366330346562373537383537303430
62346530343666393130626663643036396630613338396462633462633164643835656339376533
35366233656531373161376463353130623136373134303465363864616438663866326265336535
63653533393932356662303733653539393565366364633832313561656432346135623164353737
65386435636663666639613165613862356539623363363035343939626535393965383963363037
38323161626164366563663936313737663131663532633730386263613662326464396438303431
62393439613765353062343865333436633763363666613362636230666439316333623961323665
33383232333731663834633438646137363531373230333433316364643734316138356566666166
62306432363162323765376633646161366262323565663762356137663061643034326337306636
66303038303462636532663165653264616532666231333931616162663632313863623766643038
36323364316666373331656237613865343832373466613630356338646637353535326135656335
38646238336366353832656633396263646535303961643661373961366563383564343234353430
31373339363334636631613537353534643666346330663734653239373437663230636439363062
38366337343833366233343935636632626334626133616432383366366630313535343139303438
63373138376438383730636630343362386231393364316636616436633438613837613666326135
37316435666261663237626233626233336139643661373663353130313434663163663033646536
36333334323965333636306635326362373964313938306562346462353862353635633464613533
34613761326463663135643936333236646638396138663566343634653932343933386436346431
63363030366262333861353266353032326138343237343137386435326435346361336336366362
37613761306536343461633461383730383936313437666435353064366534626634383831346436
64363866306264333530376464326239626232313531646164613834356332393937633063623535
30613835343861363861653038626165393036643463353435303538643634616663613565326135
32343538623464613330623232386661346234376161333563386165643565323136383063303936
31633836663439323638646363376664646336626339343037376234626161336462393561646532
31633363623333323939633662653931386364626264393230633266326166306565353332666138
66653837653463646261633536353061353365323331653833633832316237663635646533646662
62333432646438613966306362656330616465633334653139323138623232666339633665336134
36333430343065326635633339663030333535343361626331626132653837316564363362653031
64366338336362313430333339613437336239323538386338383263663538643961643639313564
62633461383432653539303232666432333666653232616561343933656464346539326232663062
38666433366463386539363134363137346636303563306566613135643636646436623336636665
30633935363637303734633864663537383562373837393165633733393437623938386437303565
66343030313737656138383338333135303262393663393934356361643635666162623964383838
31306432666233623439366539393434306436323634346130306664623466646434333362653438
62316161616533353932303337343666626333666634333039656238323534346337363538336262
39353734613937386335363863613834343531383766653665383066616239646463366336353164
31663930366532386132393733373165613230333263633235386236306664323465616161336134
62663430346230643437303035343736383837393064373766366134616266393864356231343035
35303637616531656161363436613462376632366139616239396666313236373361646237346139
33303239386461326336623039303734313762363462343236373431363130356539626635643236
30336131343764316537613461663765646337356135363233356136386461353038383464393065
36303333353136396165376632613139636466376533313961316262393464666634383035633062
31333865313738343635623532383839636331663639363365646136323731383238343064363234
38306462343935653130646331643836346439346362653362313565333033646534356538613864
62613735323966336437666662623166613438643432336439373834386566613230363465303061
30303266336638633534666533303237303635663361666131323362613631643835393031633737
32663766613466313766386638386232303064396466343734666461656534316563303363373435
32666338363237303963356433663830353663633233346338653934336563396466373461353463
35336361333064333361663239316234623764343733646561643835313637323731343939373331
36396334326539633961356562383534663061343632383135346363363538393137366363313466
35633932303836623566663863666261396433653137373133366638643939316238653363336464
37633135383535643136383335643763616230356664326564656661343966646334636638313931
66323461303037666233323434346161636663636538613161376239373331386332303666373061
33376239663661373032643937346538356262636364643939383866663334643731633530656134
34633631376533353334623261653661353535363233333733316231343639366537636130656663
39383030343661323833323031636264633831613464616162373231663965666436363666386466
39323134633037623566306130646533353635663265346132383730303366613736373638386137
33346266356434653535333966313930356639643962663065663261396366336439643538353737
37646138633864313834366535333763373364626538636366316136633133643361626630323333
3030
