$ANSIBLE_VAULT;1.1;AES256
63333539333335303231633634326162343437303038396566373361383865303666633961623066
6661643335653536316233356333323064303764643265330a633963636630663832643834346534
64373637626139343665626239636332643832333231366630613234333336643030643534333838
3336383762306564610a623561643564623761353036623239393965646430393838343437623638
32383037363465343663616337663832613035323064653866313238636330306263326161333133
31313062313630623737386365376535636335636364643231333339366466363364386630616331
32376261623330383633306532333163336665333661633836393161306536633838383834383066
36643963343531356666373932383834613564306362653330643939326331313565643134303036
33333566343363623938383366636464613336336465623334303430656561323835363539363336
31383130623562623263313033353232383666303836313238633861633338353466653338323135
38343838303034613537326564663436333665643066363863353332656336633739326162313536
64326338303238343633373265366665333834363738376364316465373337333536653430383362
66656139613762356438353931616331333133356465633263626165643564663462373661636637
30386533343738633963363038323637633931396334373766663730636566656533363734316165
34313066653639396463656134333235333838653336353964626465616164636466636664383330
61303661336261643766633537393366356564343137353063313836313534346638643638346364
34366363643535353034323139343934373437326466633839363135353234383233643964303964
61316130326137623161366136663635636630393237323638346637383432613736326339343366
34333563663136323862646138393638383565656135643834373536646664326166313563373664
38666434386461633261616438626638393262666335386137373965643239363536313666323461
31336638313561373734373063366337316165623939613766316663323366303939663562306534
30303930373166383362306462306338316163356635613636623463623165333335346438326431
35366637343832373365353661643530343662303162616364393834663736393731303665396630
62633366666365633933363930636135393664316134356162666364376265306334633864396636
62386138303035316437333331643438336161633362333433323263363662316439346133643663
61333236313136366135333961346139383035663931363731396561643137353064396335613466
61366632626534303931343139383863623561613330636433383039653639656563613939643465
31383535383135313538643533613066363639656439646465356336636430653364613330386162
34353534333434616238303633306539313839626338323231333034313430636366303430616330
61333530323932336131613465643633346635623435386137616238623333373031343733363933
32326365383266613635303965386465353637326231356539613739656161393437306565633430
38343333323030306131633131303233663962376466336631656333323939623231313737336665
62643363613431343230646565353332356234383632656338646631636434656266316435646462
35363533613937633936376436663266636631386430336166653139366431656232376335653333
32663135613034366332393438613731306438343233646563643061303065383465366137616132
38643663313734613434363065386638303363316361343837653936653834643362636632633461
37636630383538646664356336323234353335356662346137393764383465623533613931613063
36306365343135343362343766383463326232353464383661636665376366633738313364343963
62343561663264653766633637333633663035636530393134343139643430656532646332366663
31643635313031636464373234623634323464353131343830323163303136643565326566396431
64333965316564306137363636623963373963663264366338333762323963323465323033663462
34373034366638356130636437316533373862653065303864316531616664653230613164613035
61373762303665373366623232626534636666393137373139636364623836623739613737623939
39306430363564373338356637663731313434663236656465613539643936313437376432303530
66333330646236336232623338376261356265626237336239663938303864333562376233393063
37336231383932343635386531313163643034396536323566653735636431356535363962646162
37363761323436356631303264303061613765346266636335323734616336343033663230393035
37373239363162383466643563633665643232363534313962383162393837383662343265383366
66666331383233393963326539653132623964383333393566643735333961393130353564393335
37356166323737623365356565643334666661613031646265663065643263633831303334623333
36333433306339663137313738613766636432626530303831666135393762386436323535306132
39336232636335383130623563336664393663303562323139373366376234643362313233343762
36396330363733393363656261306466376361363437316334663261323665633266313961636161
35356537613937333031386265326566376230613765623765663765323433633031633363313635
63333139666163623632313530663738313537316438343463316135663662633332363162633131
39396533333936393236306333366232356630366362643161343230333335633831633232356639
65326165336236666631643266353534646133636632633866376265636130336664393862376230
36646235366136313863306533333532633564386636326363653538393636613830636661613834
63346463396263383132323337366131613862373630626331646138373362663364376531396436
36643838316366616233633062393465643562336463613365633061346561633732353832396233
61373663646466663161646238326462313435326534333333623366326263303637633233393935
38366233333039646631633162663533633735306135386630646237623764366134313363623833
32663030663036646434323632346236383935316333613836636364386539323234376538633536
34343430346135663438343138646135363339343634633063343331316139616564393030643933
38633264636431353565646364616532353939353931653832666531366536353564326462346266
33363161326539376263663334313163353364363863653039363165393961366563376234623432
32306133623966633462353234613536623737343561643738343033373963376461313634376132
34626161633063363839626438373339346438613733633235323765356534663266653236663734
61353564313036323436646161386362636138623564373137656139366231333537306664376164
37353833666537316562663361643637336135666132386331653562623462393136656563383836
32393937663638336364353934343037306263653830623263646239663364366163626235353836
65363738316338646334613765333539396634613632366164303963303538613335336461326461
34626262366237343762336365373861343830373539366330316464623836643164393638393562
39393165663736333937323238323331366661373339393538366362623433633234386430643339
35353165616266393665333638656634656361633535313136303266323236613861393563653332
61636662333163376661653830313835383233376563323364616266333831616532646563613730
64333861643131333738383434393839376663323762663566303936396439343666613639386363
63303837393563366263653933313566393232613664313434656361366639613366353030313939
35653763663065613935376433363430383031653537626564613966323535633932386163353663
61646365336363343161633563656337626638343162653534636634663661666133623762653038
39653966326136373164393636346366643934623737383862353634623732636562666363636532
30323366323365336531323638383061366666646432323037356263636538393232336232646331
30343465323630353636653064646631313536643933326433356331363764366335313139396438
33363735306363323364353435353438393162393137353165303839373563366363386566616430
39343763303337663965663532376263386665386130393561336366633735396661383435653165
39313633363330316638376366613330303436666539383437356138343436326264663463666564
63313437303236313731643932623130633533316432353634333234653565646634363539633531
61643733313138636233333362333535303831383635623132366563383164363538343462393037
63316335366638646233386665653735613536653662323665316633626538376636373433303534
32373264623038623730353931333633343630646461303361386466666564356565353431396462
31633230626330313836343138646365343766393238303430353138313865623365626234323230
61336334656531646534646130366638656334303935626362656137333964623631356364633831
6638
